TIME_0: 0.54
TIME_1: 0.7608
TIME_2: 0.863328
TIME_3: 0.86105
TIME_4: 0.879808
TIME_5: 0.891327
TIME_6: 0.891017
TIME_7: 0.958418
TIME_8: 0.978771
TIME_9: 0.913459
TIME_10: 0.957971
TIME_11: 0.961341
TIME_12: 0.98244
TIME_13: 0.970755
TIME_14: 0.930252
TIME_15: 1.00416
TIME_16: 1.06078
TIME_17: 1.08212
TIME_18: 1.07948
TIME_19: 1.07894
TIME_20: 1.01735
TIME_21: 0.975427
TIME_22: 0.993234
TIME_23: 0.971448
TIME_24: 0.98108
TIME_25: 1.03062
TIME_26: 1.10635
TIME_27: 1.16409
TIME_28: 1.18764
TIME_29: 1.16175
TIME_30: 1.2189
TIME_31: 1.15963
TIME_32: 1.17743
TIME_33: 1.17518
TIME_34: 1.17597
TIME_35: 1.17785
TIME_36: 1.23422
TIME_37: 1.25795
TIME_38: 1.28607
TIME_39: 1.28456
TIME_40: 1.34017
TIME_41: 1.2587
TIME_42: 1.23068
TIME_43: 1.2127
TIME_44: 1.2485
TIME_45: 1.30639
TIME_46: 1.27173
TIME_47: 1.27837
TIME_48: 1.32133
TIME_49: 1.34371
TIME_50: 1.34451
TIME_51: 1.36567
TIME_52: 1.38107
TIME_53: 1.39506
TIME_54: 1.32667
TIME_55: 1.33093
TIME_56: 1.35038
TIME_57: 1.3794
TIME_58: 1.35504
TIME_59: 1.38031
TIME_60: 1.36749
TIME_61: 1.33844
TIME_62: 1.33423
TIME_63: 1.34459
TIME_64: 1.35801
TIME_65: 1.3403
TIME_66: 1.37137
TIME_67: 1.37095
TIME_68: 1.36831
TIME_69: 1.34618
TIME_70: 1.34704
TIME_71: 1.34764
TIME_72: 1.36891
TIME_73: 1.37934
TIME_74: 1.40587
TIME_75: 1.41161
TIME_76: 1.36837
TIME_77: 1.37016
TIME_78: 1.37256
TIME_79: 1.37005
TIME_80: 1.36436
TIME_81: 1.39278
TIME_82: 1.39814
TIME_83: 1.3932
TIME_84: 1.38674
TIME_85: 1.40935
TIME_86: 1.39845
TIME_87: 1.41048
TIME_88: 1.39912
TIME_89: 1.35783
TIME_90: 1.39257
TIME_91: 1.42536
TIME_92: 1.42164
TIME_93: 1.40867
TIME_94: 1.41792
TIME_95: 1.41005
TIME_96: 1.42039
TIME_97: 1.43977
TIME_98: 1.44849
TIME_99: 1.45779
TIME_100: 1.44602
TIME_101: 1.4438
TIME_102: 1.44932
TIME_103: 1.44341
TIME_104: 1.42924
TIME_105: 1.43702
TIME_106: 1.44315
TIME_107: 1.44991
TIME_108: 1.40135
TIME_109: 1.3859
TIME_110: 1.36082
TIME_111: 1.38949
TIME_112: 1.36218
TIME_113: 1.40655
TIME_114: 1.42548
TIME_115: 1.38697
TIME_116: 1.35059
TIME_117: 1.37269
TIME_118: 1.36808
TIME_119: 1.39025
TIME_120: 1.41059
TIME_121: 1.38161
TIME_122: 1.38177
TIME_123: 1.41523
TIME_124: 1.4343
TIME_125: 1.41012
TIME_126: 1.41395
TIME_127: 1.3985
TIME_128: 1.40699
TIME_129: 1.38404
TIME_130: 1.40276
TIME_131: 1.39288
TIME_132: 1.3732
TIME_133: 1.38087
TIME_134: 1.36093
TIME_135: 1.36358
TIME_136: 1.3954
TIME_137: 1.36822
TIME_138: 1.36768
TIME_139: 1.37053
TIME_140: 1.40942
TIME_141: 1.41256
TIME_142: 1.4032
TIME_143: 1.39845
TIME_144: 1.33705
TIME_145: 1.37439
TIME_146: 1.37321
TIME_147: 1.34787
TIME_148: 1.38926
TIME_149: 1.39874
TIME_150: 1.36263
TIME_151: 1.31882
TIME_152: 1.33699
TIME_153: 1.27181
TIME_154: 1.23992
TIME_155: 1.21026
TIME_156: 1.1931
TIME_157: 1.24168
TIME_158: 1.26522
TIME_159: 1.27334
TIME_160: 1.33102
TIME_161: 1.27464
TIME_162: 1.17977
TIME_163: 1.14728
TIME_164: 1.03718
TIME_165: 0.943649
TIME_166: 0.97742
TIME_167: 0.868871
TIME_168: 0.819536
TIME_169: 0.730589
TIME_170: 0.808881
TIME_171: 0.788242
TIME_172: 0.69542
TIME_173: 0.650294
TIME_174: 0.620299
TIME_175: 0.609513
TIME_176: 0.547546
TIME_177: 0.511006
TIME_178: 0.501736
TIME_179: 0.463
