TIME_0: 0.6
TIME_1: 0.7452
TIME_2: 0.805032
TIME_3: 0.890231
TIME_4: 0.91602
TIME_5: 0.93916
TIME_6: 0.943485
TIME_7: 0.929382
TIME_8: 1.0777
TIME_9: 1.07374
TIME_10: 1.1247
TIME_11: 1.11815
TIME_12: 1.09196
TIME_13: 1.08977
TIME_14: 1.09036
TIME_15: 1.09696
TIME_16: 1.11158
TIME_17: 1.0954
TIME_18: 1.14191
TIME_19: 1.16395
TIME_20: 1.23549
TIME_21: 1.23948
TIME_22: 1.18436
TIME_23: 1.20616
TIME_24: 1.20381
TIME_25: 1.25113
TIME_26: 1.24832
TIME_27: 1.26223
TIME_28: 1.29012
TIME_29: 1.27917
TIME_30: 1.22049
TIME_31: 1.30364
TIME_32: 1.27752
TIME_33: 1.26663
TIME_34: 1.27547
TIME_35: 1.2967
TIME_36: 1.3349
TIME_37: 1.34176
TIME_38: 1.35502
TIME_39: 1.33108
TIME_40: 1.34646
TIME_41: 1.3794
TIME_42: 1.3468
TIME_43: 1.32101
TIME_44: 1.34403
TIME_45: 1.3387
TIME_46: 1.34378
TIME_47: 1.3745
TIME_48: 1.35272
TIME_49: 1.35407
TIME_50: 1.3551
TIME_51: 1.33648
TIME_52: 1.36584
TIME_53: 1.36813
TIME_54: 1.40355
TIME_55: 1.39359
TIME_56: 1.40234
TIME_57: 1.42433
TIME_58: 1.44124
TIME_59: 1.39032
TIME_60: 1.41285
TIME_61: 1.4131
TIME_62: 1.39735
TIME_63: 1.37059
TIME_64: 1.40741
TIME_65: 1.40513
TIME_66: 1.37882
TIME_67: 1.41567
TIME_68: 1.4346
TIME_69: 1.42476
TIME_70: 1.40584
TIME_71: 1.38653
TIME_72: 1.38652
TIME_73: 1.38338
TIME_74: 1.38825
TIME_75: 1.40873
TIME_76: 1.38695
TIME_77: 1.38159
TIME_78: 1.39815
TIME_79: 1.39434
TIME_80: 1.38688
TIME_81: 1.37835
TIME_82: 1.38758
TIME_83: 1.36758
TIME_84: 1.39321
TIME_85: 1.35595
TIME_86: 1.34956
TIME_87: 1.37518
TIME_88: 1.33582
TIME_89: 1.32669
TIME_90: 1.33223
TIME_91: 1.32013
TIME_92: 1.31391
TIME_93: 1.29752
TIME_94: 1.31602
TIME_95: 1.32555
TIME_96: 1.31771
TIME_97: 1.28564
TIME_98: 1.25972
TIME_99: 1.24199
TIME_100: 1.21646
TIME_101: 1.24921
TIME_102: 1.24424
TIME_103: 1.2006
TIME_104: 1.09433
TIME_105: 1.15632
TIME_106: 1.1268
TIME_107: 1.12317
TIME_108: 1.15167
TIME_109: 1.11318
TIME_110: 1.21079
TIME_111: 1.11391
TIME_112: 1.12512
TIME_113: 1.06812
TIME_114: 0.903476
TIME_115: 0.869362
TIME_116: 0.876331
TIME_117: 0.877754
TIME_118: 0.818679
TIME_119: 0.720234
